-7.930000000000000382e-01 -9.400000000000000022e-02
-4.079999999999999738e-01 8.110000000000000542e-01
-4.450000000000000067e-01 1.143000000000000016e+00
1.499999999999999944e-01 7.099999999999999367e-02
-4.380000000000000004e-01 8.830000000000000071e-01
-7.359999999999999876e-01 3.870000000000000107e-01
-8.339999999999999636e-01 2.260000000000000064e-01
1.149000000000000021e+00 -5.540000000000000480e-01
-4.889999999999999902e-01 3.870000000000000107e-01
3.609999999999999876e-01 2.510000000000000009e-01
9.270000000000000462e-01 -5.399999999999999939e-02
6.360000000000000098e-01 -5.610000000000000542e-01
7.119999999999999662e-01 5.909999999999999698e-01
-4.580000000000000182e-01 5.280000000000000249e-01
1.260000000000000009e-01 1.066999999999999948e+00
1.832999999999999963e+00 1.630000000000000060e-01
-5.800000000000000294e-02 -1.000000000000000056e-01
-8.289999999999999591e-01 1.449999999999999900e-01
-6.290000000000000036e-01 7.960000000000000409e-01
6.840000000000000524e-01 -2.829999999999999738e-01
3.430000000000000271e-01 -1.499999999999999944e-02
2.560000000000000053e-01 8.359999999999999654e-01
3.260000000000000120e-01 -3.500000000000000333e-02
-6.250000000000000000e-01 1.102000000000000091e+00
1.032999999999999918e+00 2.610000000000000098e-01
6.400000000000000133e-02 -9.800000000000000377e-02
4.149999999999999800e-01 5.470000000000000417e-01
-1.600000000000000033e-01 8.800000000000000044e-01
1.580000000000000071e+00 -2.020000000000000129e-01
1.129000000000000004e+00 2.340000000000000135e-01
8.750000000000000000e-01 -2.359999999999999876e-01
-1.155000000000000027e+00 -2.000000000000000042e-03
8.229999999999999538e-01 -8.000000000000000167e-02
1.627000000000000002e+00 5.000000000000000104e-03
-3.119999999999999996e-01 1.008000000000000007e+00
2.059999999999999887e-01 1.086000000000000076e+00
8.409999999999999698e-01 -5.709999999999999520e-01
-5.460000000000000409e-01 6.830000000000000515e-01
4.000000000000000083e-02 2.600000000000000089e-01
1.245000000000000107e+00 -5.000000000000000000e-01
5.000000000000000278e-02 9.589999999999999636e-01
-1.151000000000000023e+00 2.570000000000000062e-01
2.096000000000000085e+00 -2.699999999999999969e-02
-7.239999999999999769e-01 2.540000000000000036e-01
1.960000000000000075e-01 -1.970000000000000084e-01
2.232000000000000206e+00 4.849999999999999867e-01
1.270999999999999908e+00 -3.250000000000000111e-01
7.590000000000000080e-01 5.230000000000000204e-01
2.590000000000000080e-01 7.660000000000000142e-01
-1.749999999999999889e-01 1.072999999999999954e+00
-8.459999999999999742e-01 6.580000000000000293e-01
1.082000000000000073e+00 -4.769999999999999796e-01
8.980000000000000204e-01 -9.600000000000000200e-02
1.262999999999999901e+00 -8.890000000000000124e-01
3.300000000000000155e-02 4.829999999999999849e-01
-2.839999999999999747e-01 1.028999999999999915e+00
2.138999999999999790e+00 -2.600000000000000089e-01
1.980000000000000093e-01 1.610000000000000042e-01
-1.125000000000000000e+00 6.800000000000000488e-02
3.699999999999999817e-02 5.989999999999999769e-01
1.516999999999999904e+00 -3.140000000000000013e-01
9.240000000000000435e-01 -1.610000000000000042e-01
3.240000000000000102e-01 9.879999999999999893e-01
7.389999999999999902e-01 2.630000000000000115e-01
1.026999999999999913e+00 8.579999999999999849e-01
1.778000000000000025e+00 -7.599999999999999811e-02
-9.350000000000000533e-01 3.629999999999999893e-01
1.673999999999999932e+00 -4.430000000000000049e-01
7.610000000000000098e-01 6.229999999999999982e-01
1.528999999999999915e+00 9.600000000000000200e-02
3.200000000000000067e-01 1.298999999999999932e+00
1.796999999999999931e+00 -1.819999999999999951e-01
2.241000000000000103e+00 3.459999999999999742e-01
8.169999999999999485e-01 4.510000000000000120e-01
1.229000000000000092e+00 4.969999999999999973e-01
5.450000000000000400e-01 6.999999999999999556e-01
-7.339999999999999858e-01 6.089999999999999858e-01
6.860000000000000542e-01 -5.380000000000000338e-01
6.820000000000000506e-01 7.730000000000000204e-01
-1.920000000000000040e-01 1.120000000000000023e-01
6.800000000000000488e-02 1.026999999999999913e+00
2.049999999999999822e+00 4.889999999999999902e-01
1.713999999999999968e+00 4.289999999999999925e-01
2.699999999999999969e-02 1.189000000000000057e+00
3.019999999999999907e-01 -2.780000000000000249e-01
4.209999999999999853e-01 4.700000000000000011e-02
7.059999999999999609e-01 -4.729999999999999760e-01
1.735999999999999988e+00 3.049999999999999933e-01
1.233000000000000096e+00 -4.050000000000000266e-01
-1.066999999999999948e+00 3.950000000000000178e-01
2.036000000000000032e+00 1.799999999999999933e-01
1.243000000000000105e+00 2.500000000000000139e-02
9.759999999999999787e-01 6.049999999999999822e-01
1.921000000000000041e+00 1.869999999999999996e-01
6.159999999999999920e-01 7.339999999999999858e-01
5.070000000000000062e-01 -4.239999999999999880e-01
1.332000000000000073e+00 -2.010000000000000120e-01
5.679999999999999494e-01 8.840000000000000080e-01
7.019999999999999574e-01 -4.809999999999999831e-01
1.143999999999999906e+00 -3.210000000000000075e-01
